Calling geodesiclm!
2.000000 0.500000 1.000000 -0.500000 
Updating fvec!
fvec = -0.111597 -0.442497 2.15408 -0.556829 2.03301 1.44656 -0.312398 -0.302957 -0.471518 -0.505471 0.425718 -0.742661 -0.931646 3.0803 1.89519 -0.26649 -0.290027 -0.603697 3.11578 0.703226 
2.000000 0.500000 1.000000 -0.500000 
Updating fvec!
fvec = -0.111597 -0.442497 2.15408 -0.556829 2.03301 1.44656 -0.312398 -0.302957 -0.471518 -0.505471 0.425718 -0.742661 -0.931646 3.0803 1.89519 -0.26649 -0.290027 -0.603697 3.11578 0.703226 
2.000000 0.500000 1.000000 -0.500000 
Updating fvec!
fvec = -0.111597 -0.442497 2.15408 -0.556829 2.03301 1.44656 -0.312398 -0.302957 -0.471518 -0.505471 0.425718 -0.742661 -0.931646 3.0803 1.89519 -0.26649 -0.290027 -0.603697 3.11578 0.703225 
2.000000 0.500000 1.000000 -0.500000 
Updating fvec!
fvec = -0.111597 -0.442497 2.15408 -0.556829 2.03301 1.44656 -0.312398 -0.302957 -0.471518 -0.505471 0.425718 -0.742661 -0.931646 3.0803 1.89519 -0.26649 -0.290027 -0.603697 3.11578 0.703225 
2.000000 0.500000 1.000000 -0.500000 
Updating fvec!
fvec = -0.111597 -0.442497 2.15408 -0.556829 2.03301 1.44656 -0.312398 -0.302957 -0.471518 -0.505471 0.425718 -0.742661 -0.931646 3.0803 1.89519 -0.26649 -0.290027 -0.603697 3.11578 0.703225 
inter-iteration callback! 
converged = 01.999991 0.500001 1.000003 -0.499997 
Updating fvec!
fvec = -0.111592 -0.442489 2.15406 -0.556823 2.03299 1.44654 -0.312391 -0.302951 -0.471511 -0.505463 0.425721 -0.742652 -0.931643 3.08028 1.89519 -0.266486 -0.290019 -0.603689 3.11577 0.703205 
inter-iteration callback! 
converged = 01.999991 0.500001 1.000003 -0.499997 
Updating fvec!
fvec = -0.111592 -0.442489 2.15406 -0.556824 2.03299 1.44654 -0.312391 -0.302951 -0.471511 -0.505463 0.425721 -0.742652 -0.931643 3.08028 1.89519 -0.266486 -0.290019 -0.603689 3.11577 0.703205 
1.999991 0.500001 1.000003 -0.499997 
Updating fvec!
fvec = -0.111592 -0.442489 2.15406 -0.556823 2.03299 1.44654 -0.312391 -0.302951 -0.471511 -0.505463 0.425721 -0.742652 -0.931643 3.08028 1.89519 -0.266486 -0.290019 -0.603689 3.11577 0.703205 
1.999991 0.500001 1.000003 -0.499997 
Updating fvec!
fvec = -0.111592 -0.442489 2.15406 -0.556823 2.03299 1.44654 -0.312391 -0.302951 -0.471511 -0.505463 0.425721 -0.742652 -0.931643 3.08028 1.89519 -0.266486 -0.290019 -0.603689 3.11577 0.703205 
1.999991 0.500001 1.000003 -0.499997 
Updating fvec!
fvec = -0.111592 -0.442489 2.15406 -0.556823 2.03299 1.44654 -0.312391 -0.302951 -0.471511 -0.505463 0.425721 -0.742652 -0.931643 3.08028 1.89519 -0.266486 -0.290019 -0.603689 3.11577 0.703205 
1.999985 0.500001 1.000004 -0.499995 
Updating fvec!
fvec = -0.111588 -0.442484 2.15404 -0.55682 2.03298 1.44653 -0.312386 -0.302947 -0.471507 -0.505457 0.425723 -0.742647 -0.931641 3.08027 1.89519 -0.266483 -0.290014 -0.603683 3.11577 0.703192 
inter-iteration callback! 
converged = 01.999985 0.500001 1.000004 -0.499995 
Updating fvec!
fvec = -0.111588 -0.442484 2.15404 -0.55682 2.03298 1.44653 -0.312386 -0.302947 -0.471507 -0.505457 0.425723 -0.742647 -0.931641 3.08027 1.89519 -0.266483 -0.290014 -0.603683 3.11577 0.703192 
1.999985 0.500001 1.000004 -0.499995 
Updating fvec!
fvec = -0.111588 -0.442484 2.15404 -0.55682 2.03298 1.44653 -0.312386 -0.302947 -0.471507 -0.505457 0.425723 -0.742647 -0.931641 3.08027 1.89519 -0.266483 -0.290014 -0.603683 3.11577 0.703192 
1.999985 0.500001 1.000004 -0.499995 
Updating fvec!
fvec = -0.111588 -0.442484 2.15404 -0.55682 2.03298 1.44653 -0.312386 -0.302947 -0.471507 -0.505457 0.425723 -0.742647 -0.931641 3.08027 1.89519 -0.266483 -0.290014 -0.603683 3.11577 0.703192 
1.999985 0.500001 1.000004 -0.499995 
Updating fvec!
fvec = -0.111588 -0.442484 2.15404 -0.55682 2.03298 1.44653 -0.312386 -0.302947 -0.471507 -0.505457 0.425723 -0.742647 -0.931641 3.08027 1.89519 -0.266483 -0.290014 -0.603683 3.11577 0.703192 
1.999981 0.500001 1.000005 -0.499994 
Updating fvec!
fvec = -0.111585 -0.44248 2.15404 -0.556817 2.03297 1.44652 -0.312383 -0.302944 -0.471504 -0.505453 0.425724 -0.742643 -0.93164 3.08026 1.89519 -0.266481 -0.29001 -0.603679 3.11576 0.703183 
inter-iteration callback! 
converged = 01.999981 0.500001 1.000005 -0.499994 
Updating fvec!
fvec = -0.111585 -0.44248 2.15404 -0.556817 2.03297 1.44652 -0.312383 -0.302944 -0.471504 -0.505453 0.425724 -0.742643 -0.93164 3.08026 1.89519 -0.266481 -0.29001 -0.603679 3.11576 0.703183 
1.999981 0.500001 1.000005 -0.499994 
Updating fvec!
fvec = -0.111585 -0.44248 2.15404 -0.556817 2.03297 1.44652 -0.312383 -0.302944 -0.471504 -0.505453 0.425724 -0.742643 -0.93164 3.08026 1.89519 -0.266481 -0.29001 -0.603679 3.11576 0.703183 
1.999981 0.500001 1.000005 -0.499994 
Updating fvec!
fvec = -0.111585 -0.44248 2.15404 -0.556817 2.03297 1.44652 -0.312383 -0.302944 -0.471504 -0.505453 0.425724 -0.742643 -0.93164 3.08026 1.89519 -0.266481 -0.29001 -0.603679 3.11576 0.703183 
1.999981 0.500001 1.000005 -0.499994 
Updating fvec!
fvec = -0.111585 -0.44248 2.15404 -0.556817 2.03297 1.44652 -0.312383 -0.302944 -0.471504 -0.505453 0.425724 -0.742643 -0.93164 3.08026 1.89519 -0.266481 -0.29001 -0.603679 3.11576 0.703183 
1.999979 0.500001 1.000006 -0.499993 
Updating fvec!
fvec = -0.111583 -0.442478 2.15403 -0.556815 2.03296 1.44651 -0.312381 -0.302943 -0.471502 -0.505451 0.425725 -0.742641 -0.931639 3.08026 1.89519 -0.26648 -0.290007 -0.603676 3.11576 0.703177 
inter-iteration callback! 
converged = 01.999979 0.500001 1.000006 -0.499993 
Updating fvec!
fvec = -0.111583 -0.442478 2.15403 -0.556815 2.03296 1.44651 -0.312381 -0.302943 -0.471502 -0.505451 0.425725 -0.742641 -0.931639 3.08026 1.89519 -0.26648 -0.290007 -0.603676 3.11576 0.703177 
1.999979 0.500001 1.000006 -0.499993 
Updating fvec!
fvec = -0.111583 -0.442478 2.15403 -0.556815 2.03296 1.44651 -0.312381 -0.302943 -0.471502 -0.505451 0.425725 -0.74264 -0.931639 3.08026 1.89519 -0.26648 -0.290007 -0.603676 3.11576 0.703177 
1.999979 0.500001 1.000006 -0.499993 
Updating fvec!
fvec = -0.111583 -0.442478 2.15403 -0.556815 2.03296 1.44651 -0.312381 -0.302943 -0.471502 -0.505451 0.425725 -0.74264 -0.931639 3.08026 1.89519 -0.26648 -0.290007 -0.603676 3.11576 0.703177 
1.999979 0.500001 1.000006 -0.499993 
Updating fvec!
fvec = -0.111583 -0.442478 2.15403 -0.556815 2.03296 1.44651 -0.312381 -0.302943 -0.471502 -0.505451 0.425725 -0.742641 -0.931639 3.08026 1.89519 -0.26648 -0.290007 -0.603676 3.11576 0.703177 
1.999977 0.500001 1.000007 -0.499992 
Updating fvec!
fvec = -0.111582 -0.442476 2.15403 -0.556814 2.03296 1.44651 -0.31238 -0.302941 -0.471501 -0.505449 0.425726 -0.742639 -0.931639 3.08025 1.89519 -0.266479 -0.290006 -0.603675 3.11576 0.703173 
inter-iteration callback! 
converged = 01.999977 0.500001 1.000007 -0.499992 
Updating fvec!
fvec = -0.111582 -0.442476 2.15403 -0.556814 2.03296 1.44651 -0.31238 -0.302941 -0.471501 -0.505449 0.425726 -0.742639 -0.931639 3.08025 1.89519 -0.266479 -0.290006 -0.603675 3.11576 0.703173 
1.999977 0.500001 1.000007 -0.499992 
Updating fvec!
fvec = -0.111582 -0.442476 2.15403 -0.556814 2.03296 1.44651 -0.31238 -0.302941 -0.471501 -0.505449 0.425726 -0.742639 -0.931639 3.08025 1.89519 -0.266479 -0.290006 -0.603675 3.11576 0.703173 
1.999977 0.500001 1.000007 -0.499992 
Updating fvec!
fvec = -0.111582 -0.442476 2.15403 -0.556814 2.03296 1.44651 -0.31238 -0.302941 -0.471501 -0.505449 0.425726 -0.742639 -0.931639 3.08025 1.89519 -0.266479 -0.290006 -0.603675 3.11576 0.703173 
1.999977 0.500001 1.000007 -0.499992 
Updating fvec!
fvec = -0.111582 -0.442476 2.15403 -0.556814 2.03296 1.44651 -0.31238 -0.302941 -0.471501 -0.505449 0.425726 -0.742639 -0.931639 3.08025 1.89519 -0.266479 -0.290006 -0.603675 3.11576 0.703173 
1.999976 0.500001 1.000007 -0.499992 
Updating fvec!
fvec = -0.111582 -0.442475 2.15402 -0.556813 2.03296 1.44651 -0.312379 -0.302941 -0.4715 -0.505448 0.425726 -0.742638 -0.931638 3.08025 1.89519 -0.266479 -0.290005 -0.603674 3.11576 0.70317 
inter-iteration callback! 
converged = 01.999976 0.500001 1.000007 -0.499992 
Updating fvec!
fvec = -0.111582 -0.442475 2.15402 -0.556814 2.03296 1.44651 -0.312379 -0.302941 -0.4715 -0.505448 0.425726 -0.742638 -0.931638 3.08025 1.89519 -0.266479 -0.290005 -0.603674 3.11576 0.70317 
1.999976 0.500001 1.000007 -0.499992 
Updating fvec!
fvec = -0.111582 -0.442475 2.15402 -0.556813 2.03296 1.44651 -0.312379 -0.302941 -0.4715 -0.505448 0.425726 -0.742638 -0.931638 3.08025 1.89519 -0.266479 -0.290005 -0.603674 3.11576 0.70317 
1.999976 0.500001 1.000007 -0.499992 
Updating fvec!
fvec = -0.111582 -0.442475 2.15402 -0.556813 2.03296 1.44651 -0.312379 -0.302941 -0.4715 -0.505448 0.425726 -0.742638 -0.931638 3.08025 1.89519 -0.266479 -0.290005 -0.603674 3.11576 0.70317 
1.999976 0.500001 1.000007 -0.499992 
Updating fvec!
fvec = -0.111582 -0.442475 2.15402 -0.556814 2.03296 1.44651 -0.312379 -0.302941 -0.4715 -0.505448 0.425726 -0.742638 -0.931638 3.08025 1.89519 -0.266479 -0.290005 -0.603674 3.11576 0.70317 
1.999975 0.500001 1.000007 -0.499991 
Updating fvec!
fvec = -0.111581 -0.442475 2.15402 -0.556813 2.03296 1.4465 -0.312378 -0.30294 -0.4715 -0.505447 0.425726 -0.742637 -0.931638 3.08025 1.89519 -0.266479 -0.290004 -0.603673 3.11576 0.703168 
inter-iteration callback! 
converged = 01.999975 0.500001 1.000007 -0.499991 
Updating fvec!
fvec = -0.111581 -0.442475 2.15402 -0.556813 2.03296 1.4465 -0.312378 -0.30294 -0.4715 -0.505447 0.425726 -0.742637 -0.931638 3.08025 1.89519 -0.266479 -0.290004 -0.603673 3.11576 0.703168 
1.999975 0.500001 1.000007 -0.499991 
Updating fvec!
fvec = -0.111581 -0.442475 2.15402 -0.556813 2.03296 1.4465 -0.312378 -0.30294 -0.4715 -0.505447 0.425726 -0.742637 -0.931638 3.08025 1.89519 -0.266478 -0.290004 -0.603673 3.11576 0.703168 
1.999975 0.500001 1.000007 -0.499991 
Updating fvec!
fvec = -0.111581 -0.442475 2.15402 -0.556813 2.03296 1.4465 -0.312378 -0.30294 -0.4715 -0.505447 0.425726 -0.742637 -0.931638 3.08025 1.89519 -0.266478 -0.290004 -0.603673 3.11576 0.703168 
1.999975 0.500001 1.000007 -0.499991 
Updating fvec!
fvec = -0.111581 -0.442475 2.15402 -0.556813 2.03296 1.4465 -0.312378 -0.30294 -0.4715 -0.505447 0.425726 -0.742637 -0.931638 3.08025 1.89519 -0.266479 -0.290004 -0.603673 3.11576 0.703168 
1.999975 0.500001 1.000007 -0.499991 
Updating fvec!
fvec = -0.111581 -0.442474 2.15402 -0.556813 2.03295 1.4465 -0.312378 -0.30294 -0.471499 -0.505447 0.425726 -0.742636 -0.931638 3.08025 1.89519 -0.266478 -0.290004 -0.603672 3.11576 0.703167 
inter-iteration callback! 
converged = 01.999975 0.500001 1.000007 -0.499991 
Updating fvec!
fvec = -0.111581 -0.442474 2.15402 -0.556813 2.03295 1.4465 -0.312378 -0.30294 -0.471499 -0.505447 0.425726 -0.742636 -0.931638 3.08025 1.89519 -0.266478 -0.290004 -0.603672 3.11576 0.703167 
1.999975 0.500001 1.000007 -0.499991 
Updating fvec!
fvec = -0.111581 -0.442474 2.15402 -0.556813 2.03295 1.4465 -0.312378 -0.30294 -0.471499 -0.505447 0.425726 -0.742636 -0.931638 3.08025 1.89519 -0.266478 -0.290004 -0.603672 3.11576 0.703167 
1.999975 0.500001 1.000007 -0.499991 
Updating fvec!
fvec = -0.111581 -0.442474 2.15402 -0.556813 2.03295 1.4465 -0.312378 -0.30294 -0.471499 -0.505447 0.425726 -0.742636 -0.931638 3.08025 1.89519 -0.266478 -0.290004 -0.603672 3.11576 0.703167 
1.999975 0.500001 1.000007 -0.499991 
Updating fvec!
fvec = -0.111581 -0.442474 2.15402 -0.556813 2.03295 1.4465 -0.312378 -0.30294 -0.471499 -0.505447 0.425726 -0.742636 -0.931638 3.08025 1.89519 -0.266478 -0.290004 -0.603672 3.11576 0.703167 
1.999974 0.500001 1.000007 -0.499991 
Updating fvec!
fvec = -0.111581 -0.442474 2.15402 -0.556812 2.03295 1.4465 -0.312378 -0.30294 -0.471499 -0.505446 0.425727 -0.742636 -0.931638 3.08025 1.89519 -0.266478 -0.290003 -0.603672 3.11576 0.703166 
inter-iteration callback! 
converged = 01.999974 0.500001 1.000007 -0.499991 
Updating fvec!
fvec = -0.111581 -0.442474 2.15402 -0.556812 2.03295 1.4465 -0.312378 -0.30294 -0.471499 -0.505446 0.425727 -0.742636 -0.931638 3.08025 1.89519 -0.266478 -0.290003 -0.603672 3.11576 0.703166 
1.999974 0.500001 1.000007 -0.499991 
Updating fvec!
fvec = -0.11158 -0.442474 2.15402 -0.556812 2.03295 1.4465 -0.312378 -0.30294 -0.471499 -0.505446 0.425727 -0.742636 -0.931638 3.08025 1.89519 -0.266478 -0.290003 -0.603672 3.11576 0.703166 
1.999974 0.500001 1.000007 -0.499991 
Updating fvec!
fvec = -0.11158 -0.442474 2.15402 -0.556812 2.03295 1.4465 -0.312378 -0.30294 -0.471499 -0.505446 0.425727 -0.742636 -0.931638 3.08025 1.89519 -0.266478 -0.290003 -0.603672 3.11576 0.703166 
1.999974 0.500001 1.000007 -0.499991 
Updating fvec!
fvec = -0.111581 -0.442474 2.15402 -0.556812 2.03295 1.4465 -0.312378 -0.30294 -0.471499 -0.505446 0.425727 -0.742636 -0.931638 3.08025 1.89519 -0.266478 -0.290003 -0.603672 3.11576 0.703166 
1.999974 0.500001 1.000007 -0.499991 
Updating fvec!
fvec = -0.11158 -0.442474 2.15402 -0.556812 2.03295 1.4465 -0.312377 -0.302939 -0.471499 -0.505446 0.425727 -0.742636 -0.931638 3.08025 1.89519 -0.266478 -0.290003 -0.603672 3.11575 0.703166 
inter-iteration callback! 
converged = 01.999974 0.500001 1.000007 -0.499991 
Updating fvec!
fvec = -0.11158 -0.442474 2.15402 -0.556812 2.03295 1.4465 -0.312377 -0.302939 -0.471499 -0.505446 0.425727 -0.742636 -0.931638 3.08025 1.89519 -0.266478 -0.290003 -0.603672 3.11575 0.703166 
1.999974 0.500002 1.000007 -0.499991 
Updating fvec!
fvec = -0.11158 -0.442474 2.15402 -0.556812 2.03295 1.4465 -0.312377 -0.302939 -0.471499 -0.505446 0.425727 -0.742636 -0.931638 3.08025 1.89519 -0.266478 -0.290003 -0.603672 3.11575 0.703166 
1.999974 0.500001 1.000007 -0.499991 
Updating fvec!
fvec = -0.11158 -0.442474 2.15402 -0.556812 2.03295 1.4465 -0.312377 -0.302939 -0.471499 -0.505446 0.425727 -0.742636 -0.931638 3.08025 1.89519 -0.266478 -0.290003 -0.603672 3.11575 0.703166 
1.999974 0.500001 1.000007 -0.499991 
Updating fvec!
fvec = -0.11158 -0.442474 2.15402 -0.556812 2.03295 1.4465 -0.312377 -0.302939 -0.471499 -0.505446 0.425727 -0.742636 -0.931638 3.08025 1.89519 -0.266478 -0.290003 -0.603672 3.11575 0.703166 
1.999974 0.500002 1.000008 -0.499991 
Updating fvec!
fvec = -0.11158 -0.442473 2.15402 -0.556812 2.03295 1.4465 -0.312377 -0.302939 -0.471499 -0.505446 0.425727 -0.742636 -0.931638 3.08025 1.89519 -0.266478 -0.290003 -0.603672 3.11575 0.703165 
inter-iteration callback! 
converged = 01.999974 0.500002 1.000008 -0.499991 
Updating fvec!
fvec = -0.11158 -0.442473 2.15402 -0.556812 2.03295 1.4465 -0.312377 -0.302939 -0.471499 -0.505446 0.425727 -0.742636 -0.931638 3.08025 1.89519 -0.266478 -0.290003 -0.603672 3.11575 0.703165 
1.999974 0.500002 1.000008 -0.499991 
Updating fvec!
fvec = -0.11158 -0.442473 2.15402 -0.556812 2.03295 1.4465 -0.312377 -0.302939 -0.471499 -0.505446 0.425727 -0.742636 -0.931638 3.08025 1.89519 -0.266478 -0.290003 -0.603672 3.11575 0.703165 
1.999974 0.500002 1.000008 -0.499991 
Updating fvec!
fvec = -0.11158 -0.442473 2.15402 -0.556812 2.03295 1.4465 -0.312377 -0.302939 -0.471499 -0.505446 0.425727 -0.742636 -0.931638 3.08025 1.89519 -0.266478 -0.290003 -0.603672 3.11575 0.703165 
1.999974 0.500002 1.000008 -0.499991 
Updating fvec!
fvec = -0.11158 -0.442473 2.15402 -0.556812 2.03295 1.4465 -0.312377 -0.302939 -0.471499 -0.505446 0.425727 -0.742636 -0.931638 3.08025 1.89519 -0.266478 -0.290003 -0.603672 3.11575 0.703165 
1.999974 0.500002 1.000008 -0.499991 
Updating fvec!
fvec = -0.11158 -0.442473 2.15402 -0.556812 2.03295 1.4465 -0.312377 -0.302939 -0.471499 -0.505446 0.425727 -0.742636 -0.931638 3.08025 1.89519 -0.266478 -0.290003 -0.603672 3.11575 0.703165 
inter-iteration callback! 
converged = 01.999974 0.500002 1.000008 -0.499991 
Updating fvec!
fvec = -0.11158 -0.442473 2.15402 -0.556812 2.03295 1.4465 -0.312377 -0.302939 -0.471499 -0.505446 0.425727 -0.742636 -0.931638 3.08025 1.89519 -0.266478 -0.290003 -0.603672 3.11575 0.703165 
1.999974 0.500002 1.000008 -0.499991 
Updating fvec!
fvec = -0.11158 -0.442473 2.15402 -0.556812 2.03295 1.4465 -0.312377 -0.302939 -0.471499 -0.505446 0.425727 -0.742636 -0.931638 3.08025 1.89519 -0.266478 -0.290003 -0.603671 3.11575 0.703165 
1.999974 0.500002 1.000008 -0.499991 
Updating fvec!
fvec = -0.11158 -0.442473 2.15402 -0.556812 2.03295 1.4465 -0.312377 -0.302939 -0.471499 -0.505446 0.425727 -0.742636 -0.931638 3.08025 1.89519 -0.266478 -0.290003 -0.603671 3.11575 0.703165 
1.999974 0.500002 1.000008 -0.499991 
Updating fvec!
fvec = -0.11158 -0.442473 2.15402 -0.556812 2.03295 1.4465 -0.312377 -0.302939 -0.471499 -0.505446 0.425727 -0.742636 -0.931638 3.08025 1.89519 -0.266478 -0.290003 -0.603672 3.11575 0.703165 
1.999974 0.500002 1.000008 -0.499991 
Updating fvec!
fvec = -0.11158 -0.442473 2.15402 -0.556812 2.03295 1.4465 -0.312377 -0.302939 -0.471499 -0.505446 0.425727 -0.742636 -0.931638 3.08025 1.89519 -0.266478 -0.290003 -0.603671 3.11575 0.703165 
inter-iteration callback! 
converged = 01.999974 0.500002 1.000008 -0.499991 
Updating fvec!
fvec = -0.11158 -0.442473 2.15402 -0.556812 2.03295 1.4465 -0.312377 -0.302939 -0.471499 -0.505446 0.425727 -0.742636 -0.931638 3.08025 1.89519 -0.266478 -0.290003 -0.603671 3.11575 0.703165 
1.999974 0.500002 1.000008 -0.499991 
Updating fvec!
fvec = -0.11158 -0.442473 2.15402 -0.556812 2.03295 1.4465 -0.312377 -0.302939 -0.471499 -0.505446 0.425727 -0.742636 -0.931638 3.08025 1.89519 -0.266478 -0.290003 -0.603671 3.11575 0.703165 
1.999974 0.500002 1.000008 -0.499991 
Updating fvec!
fvec = -0.11158 -0.442473 2.15402 -0.556812 2.03295 1.4465 -0.312377 -0.302939 -0.471499 -0.505446 0.425727 -0.742636 -0.931638 3.08025 1.89519 -0.266478 -0.290003 -0.603671 3.11575 0.703165 
1.999974 0.500002 1.000008 -0.499991 
Updating fvec!
fvec = -0.11158 -0.442473 2.15402 -0.556812 2.03295 1.4465 -0.312377 -0.302939 -0.471499 -0.505446 0.425727 -0.742636 -0.931638 3.08025 1.89519 -0.266478 -0.290003 -0.603671 3.11575 0.703165 
1.999974 0.500002 1.000008 -0.499991 
Updating fvec!
fvec = -0.11158 -0.442473 2.15402 -0.556812 2.03295 1.4465 -0.312377 -0.302939 -0.471499 -0.505446 0.425727 -0.742636 -0.931638 3.08025 1.89519 -0.266478 -0.290003 -0.603671 3.11575 0.703165 
inter-iteration callback! 
converged = 01.999974 0.500002 1.000008 -0.499991 
Updating fvec!
fvec = -0.11158 -0.442473 2.15402 -0.556812 2.03295 1.4465 -0.312377 -0.302939 -0.471499 -0.505446 0.425727 -0.742636 -0.931638 3.08025 1.89519 -0.266478 -0.290003 -0.603671 3.11575 0.703165 
1.999974 0.500002 1.000008 -0.499991 
Updating fvec!
fvec = -0.11158 -0.442473 2.15402 -0.556812 2.03295 1.4465 -0.312377 -0.302939 -0.471499 -0.505446 0.425727 -0.742636 -0.931638 3.08025 1.89519 -0.266478 -0.290003 -0.603671 3.11575 0.703165 
1.999974 0.500002 1.000008 -0.499991 
Updating fvec!
fvec = -0.11158 -0.442473 2.15402 -0.556812 2.03295 1.4465 -0.312377 -0.302939 -0.471499 -0.505446 0.425727 -0.742636 -0.931638 3.08025 1.89519 -0.266478 -0.290003 -0.603671 3.11575 0.703165 
1.999974 0.500002 1.000008 -0.499991 
Updating fvec!
fvec = -0.11158 -0.442473 2.15402 -0.556812 2.03295 1.4465 -0.312377 -0.302939 -0.471499 -0.505446 0.425727 -0.742636 -0.931638 3.08025 1.89519 -0.266478 -0.290003 -0.603671 3.11575 0.703165 
1.999974 0.500002 1.000008 -0.499991 
Updating fvec!
fvec = -0.11158 -0.442473 2.15402 -0.556812 2.03295 1.4465 -0.312377 -0.302939 -0.471499 -0.505446 0.425727 -0.742636 -0.931638 3.08025 1.89519 -0.266478 -0.290003 -0.603671 3.11575 0.703165 
inter-iteration callback! 
converged = 01.999974 0.500002 1.000008 -0.499991 
Updating fvec!
fvec = -0.11158 -0.442473 2.15402 -0.556812 2.03295 1.4465 -0.312377 -0.302939 -0.471499 -0.505446 0.425727 -0.742636 -0.931638 3.08025 1.89519 -0.266478 -0.290003 -0.603671 3.11575 0.703165 
1.999974 0.500002 1.000008 -0.499991 
Updating fvec!
fvec = -0.11158 -0.442473 2.15402 -0.556812 2.03295 1.4465 -0.312377 -0.302939 -0.471499 -0.505446 0.425727 -0.742636 -0.931638 3.08025 1.89519 -0.266478 -0.290003 -0.603671 3.11575 0.703165 
1.999974 0.500002 1.000008 -0.499991 
Updating fvec!
fvec = -0.11158 -0.442473 2.15402 -0.556812 2.03295 1.4465 -0.312377 -0.302939 -0.471499 -0.505446 0.425727 -0.742636 -0.931638 3.08025 1.89519 -0.266478 -0.290003 -0.603671 3.11575 0.703165 
1.999974 0.500002 1.000008 -0.499991 
Updating fvec!
fvec = -0.11158 -0.442473 2.15402 -0.556812 2.03295 1.4465 -0.312377 -0.302939 -0.471499 -0.505446 0.425727 -0.742636 -0.931638 3.08025 1.89519 -0.266478 -0.290003 -0.603671 3.11575 0.703165 
1.999974 0.500002 1.000008 -0.499991 
Updating fvec!
fvec = -0.11158 -0.442473 2.15402 -0.556812 2.03295 1.4465 -0.312377 -0.302939 -0.471499 -0.505446 0.425727 -0.742636 -0.931638 3.08025 1.89519 -0.266478 -0.290003 -0.603671 3.11575 0.703165 
Calling fcn_message
converged = 5 
 info = 0 
Final info = 0 
Get upper triangular component of fjac 
r[0*n + 0] = 0.08006 
r[0*n + 1] = -0.889253 
r[0*n + 2] = 0.681344 
r[0*n + 3] = -0.999992 
r[1*n + 0] = 8.85825 
r[1*n + 1] = 1.91356 
r[1*n + 2] = -13.2734 
r[1*n + 3] = -0.00923804 
r[2*n + 0] = 1.99355 
r[2*n + 1] = 0.914818 
r[2*n + 2] = -1.46391 
r[2*n + 3] = -0.00815055 
r[3*n + 0] = -1 
r[3*n + 1] = -1 
r[3*n + 2] = -1 
r[3*n + 3] = -1 
calculate hessian 
Assign to sexp_hess 
Assign to sexp_fvec 
Creating output list
